20
20
1 1 1 9 1 1 1 1 1 1 1 1 1 1 1 1 1 1 1 1
1 1 1 9 1 1 1 1 1 1 1 1 1 1 1 1 1 1 1 1
1 1 1 9 1 1 1 1 1 1 1 1 1 1 1 1 1 1 1 1
1 1 1 9 1 1 1 1 1 1 1 1 1 1 1 1 1 1 1 1
1 1 1 9 1 1 1 1 1 1 1 1 1 1 1 1 1 1 1 1
1 1 1 9 1 1 1 1 1 1 1 1 1 1 1 1 1 1 1 1
1 1 1 9 1 1 1 1 1 1 1 1 1 1 1 1 1 1 1 1
1 1 1 9 1 1 1 1 1 1 1 1 1 1 1 1 1 1 1 1
1 1 1 9 1 1 1 1 1 1 1 1 1 1 1 1 1 1 1 1
1 1 1 9 1 1 1 1 1 1 1 1 1 1 1 1 1 1 1 1
1 1 1 9 1 1 1 1 1 1 1 1 1 1 1 1 1 1 1 1
1 1 1 9 1 1 1 1 1 1 1 1 1 1 1 1 1 1 1 1
1 1 1 9 1 1 1 1 1 1 1 1 1 1 1 1 1 1 1 1
1 1 1 9 1 1 1 1 1 1 1 1 1 1 1 1 1 1 1 1
1 1 1 9 1 1 1 1 1 1 1 1 1 1 1 1 1 1 1 1
1 1 1 9 1 1 1 1 1 1 1 1 1 1 1 1 1 1 1 1
1 1 1 1 1 1 1 1 1 1 1 1 1 1 1 1 1 1 1 1
1 1 1 1 1 1 1 1 1 1 1 1 1 1 1 1 1 1 1 1
1 1 1 1 1 1 1 1 1 1 1 1 1 1 1 1 1 1 1 1
1 1 1 1 1 1 1 1 1 1 1 1 1 1 1 1 1 1 1 1
40
32
65
54